0.0,0.7647567254773492,0.7217688054528968,0.7336891869559687,0.7262298057334946,0.8104777166598132,0.6981336329126506,0.7728489209761866,0.5891172499837254,0.672654910737207,0.7231315024113287,0.8064111939501404,0.8945439916229471,0.7388913713127883,0.7086856754767046,0.637702103190082,0.7777241408042728,0.6941134425429145,0.8257899029425052,0.4511768174565056,0.8324961791544603,0.7937728603160519,0.8528203428621944,0.8262746144446946,0.8414796416539012,0.635268190056005,0.8743913291140768,0.8745252114150499,0.7828306038105299,0.7369565239167912,0.8866318526259249,0.586366929359412,0.7930259483835057,0.5933178525041058,0.8333900150810083,0.7867930094912228,1.010312790367746,0.7327585212758585,0.5988934306046299,0.7047198543145283,0.7002357547914269,0.6292169498303786,0.8892921267051825,0.7486280595840631,0.7471400204753793,0.9791621033247279,0.7049917908270338,0.8261801632196115,0.6035666147866297,0.5677334770817306,0.8707044410263914,0.6862979268296518,0.7823725287279817,0.8924473835972127,0.8048223843287475,0.8894404385911155,0.7182348150207687,0.8744256863783381,0.7932577089557332,0.7096586078705918,0.76802973192163,0.8606888564224549,0.8376544289295293,0.8375528904504501,0.6759391943233115,0.6575692506732687,0.6355949759887176,0.8394139820650222,0.8329786134504437,0.8164210420061963,0.8448098218220323,0.7696434815521551,0.7007966554294809,0.8127782451880282,0.8035811114831816,0.7666552050130643,0.6932732252938794,0.9464447807482333,0.7140759940421129,0.8328414634535433,0.8286526074253341,0.8306578218917138,0.7548460329653586,1.055965096529435,GOOD
0.7647567254773492,0.0,0.7234126518364798,0.5311917517061835,0.6655208417786289,0.7277614154197253,0.7708273386348607,0.667411557090545,0.6646894127577079,0.7048443897447907,0.7872932525334966,0.8791907407584448,0.7920191439993194,0.7749489402635888,0.6795175926546952,0.5065695362473226,0.7730604914949792,0.6404019749515139,0.6388869126162215,0.6595000575039516,0.5800834112696147,0.6787110880424351,0.7423326851793797,0.6334568496482442,0.710611703337387,0.5663614380571214,0.6214597197662842,0.7332565649935867,0.7973383499588432,0.639505623278012,0.7538899803381827,0.6640608120679923,0.7990847956681425,0.6890109012521435,0.8339977826986382,0.5220776279879005,0.6276688641341089,0.6959565362434081,0.7073436255379029,0.7858883393910538,0.690022480773302,0.5739307497601938,0.7624471246455369,0.747934698388795,0.7839125129461324,0.9135410679410305,0.7403325448176097,0.7530107117436231,0.8613495778984801,0.8057831247551542,0.8093064410772124,0.8849773741170823,0.8320877298796717,0.6461051481397491,0.886403099518156,0.840860052731183,0.7891766029622103,1.032594247328469,0.9543807111510463,0.714211858029397,0.7953772037536693,0.6389801511857005,0.8004047141466675,0.8915531597928934,0.7638499768886758,0.748961557304392,0.6382259802735553,0.7686345312853455,0.6901772159671931,0.8584556893223649,0.8300259557707835,0.821628656859406,0.7714867799757272,0.8773297897475596,0.7465567125338098,0.8700983498688178,0.8516963086882897,0.8080380715212292,0.8127570953983061,0.8439352417527523,0.8928384877266626,0.8182923471432648,0.7398211514124244,0.8709432598136267,GOOD
0.7217688054528968,0.7234126518364798,0.0,0.7153468377752837,0.8589086445170164,0.6611021311650507,0.8620186782572368,0.7245724252411453,0.6351808079614742,0.7583751169245072,0.7072483482595127,0.7345560327880367,0.7572515497026078,0.7732464058099264,0.7703731669541919,0.7237702538448703,0.695473885925616,0.6218486129019571,0.68592700843411,0.7562153128711504,0.6728414655764123,0.5951857937602499,0.750837252810705,0.6976109355021234,0.8361020821863487,0.6033995273077093,0.6504330567376909,0.6997945745076064,0.7834329581736312,0.7203268266220005,0.784844659866532,0.7704950827658099,0.7720084669401015,0.8098867964367145,0.7023855264076442,0.7727454159772142,0.6684117967489465,0.8043238689805626,0.674459459087257,0.8392436719757825,0.7241161631099149,0.4875644330433765,0.6761598900900861,0.7561303024012107,0.8602538386814786,0.8390842156421484,0.7892316903010488,0.6100185215861559,0.7702876871991744,0.77364560804407,0.6746519742268082,0.6027196857728877,0.7722794554625771,0.7454763615073684,0.7135591727720356,0.8190570601213655,0.6870819614796986,0.742943625833483,0.853170529474176,0.7816113112980989,0.855419065917945,0.8623125256035242,0.7215236865298742,0.9471708741322364,0.9074309571547273,0.8489058803250553,0.6745756678449899,0.7631837735193263,0.9936335634152496,0.862939769667684,0.7021072648267617,0.6961817553738147,0.7270053646539438,0.7097078557427776,0.6629120285586478,0.7751844544705402,0.8066294329520038,0.88530918328822,0.7513621131172112,0.8762706708201027,0.7037330899712451,0.818057523504879,0.9414851503313876,0.8930976732241561,GOOD
0.7336891869559687,0.5311917517061835,0.7153468377752837,0.0,0.7489591319311399,0.723941610508914,0.7264308398986044,0.6601819166270984,0.6425073137197165,0.6509657867904668,0.8126061333560314,0.8356365719364961,0.9062502961007648,0.7017100070191303,0.5170746743030314,0.7443104719265965,0.7653434801098541,0.6635510119654713,0.735946371873502,0.724021791470014,0.6813368551322121,0.5360033521286531,0.8594844045022315,0.5879081387792163,0.693248850626162,0.6682678171577764,0.6958392466011809,0.6530732456364459,0.8658286928967741,0.541703989278923,0.8184738948776457,0.7554939298283587,0.6459694264055545,0.6141392850811767,0.6227782475583272,0.6942109798553282,0.777732064738715,0.48493988701703883,0.5781371475998801,0.9328589142689869,0.6466745606380224,0.5690465531452322,0.57679592799782,0.820986445161872,0.7593631935663104,0.8273025321451206,0.6629793463545609,0.8596814882031458,0.9019841013975419,0.8206262514528466,0.6629054130434621,0.692213681890155,0.8187842273042636,0.7745620993549112,0.8520772118203639,0.7653506533514138,0.7658943509673406,0.7478096363302442,0.8388985138606194,0.6876399694734177,0.8207764220112166,0.7709393758889463,0.9058436659203897,0.9808035072221077,0.7739575121712907,0.8093305062164473,0.6179068631326943,0.7666933185068343,0.7900420836396729,0.9151470479677379,0.7471474780058193,0.6495603285283427,0.8174716224987848,0.6833506762900928,0.6963608467520093,0.700811208572439,0.7752267217959654,0.8401374859074535,0.8192447390153156,0.8169797182644376,0.7726564540581383,0.9237912476543799,0.8120456528952933,0.9465537419362651,GOOD
0.7262298057334946,0.6655208417786289,0.8589086445170164,0.7489591319311399,0.0,0.6815407889076679,0.7818507350157072,0.6896821663192069,0.5740447291180039,0.567174120006553,0.5900059108394495,0.7686844732352884,0.776869585698998,0.763700395202015,0.5804972020036023,0.78191587962,0.48655473804793026,0.7979013664625374,0.821054926896332,0.8119201358959321,0.7169661838083496,0.78088873596309,0.790348189817313,0.6858944460956453,0.6364810015596569,0.7043154419103057,0.7462001967898289,0.6581726531338564,0.9005630105574567,0.8741885989534486,0.7101145292601893,0.6519394111009731,0.7559188352834598,0.7276193418087544,0.8934959112188966,0.8968441653067295,0.8858457758381755,0.6971948845550936,0.7225264748618708,0.9016002825362447,0.7882318734759611,0.5994075346203382,0.8065474984717003,0.8255804360465298,0.6335196103175021,0.8772801070974445,0.8001208973540326,0.8694957687009747,0.8908304953933606,0.8320639389308879,0.8013780683468686,0.7004172097405859,1.0248586080281064,0.706935461140861,0.762009400524141,0.8140333523487895,0.6850146332132565,0.7946142341360513,0.9398912040641093,0.6560334756744874,0.8290860454814385,0.7127130533856527,0.854092771206586,0.981474101337355,0.6984099320877057,0.6612212199360372,0.714144494370605,0.8381330216717356,0.835367898344674,0.7066760445450474,0.8545429627787674,0.7654431518592812,0.6844370624480978,0.7382718192252407,0.8167793636505382,0.9563925100373514,0.793333552947772,0.8853850133971031,0.7561279645066858,0.9056140875104128,0.8017375319526949,0.8899048645373318,0.8374546005090806,0.84942649950759,GOOD
0.8104777166598132,0.7277614154197253,0.6611021311650507,0.723941610508914,0.6815407889076679,0.0,0.5839523168992571,0.5619861602729016,0.3922840982211254,0.3710524846375679,0.8729246569556849,0.5831505468991675,0.7091089700835607,0.8576922422432112,0.5043894808953403,0.8734053901817884,0.5105676931024656,0.7496068948129977,0.8243231187290865,0.9652151867278878,0.6548210769964538,0.8031106557048213,0.6825045195937189,0.6099043893993001,0.7009307232183941,0.5918762470828838,0.6064161219499526,0.6850454709376963,0.6983184767130877,0.7146919053835417,0.6967447652843042,0.7893713864385664,0.6847941980831995,0.6877283201649971,0.815107280304991,0.7901549696776077,0.8952517116881319,0.7464414535356347,0.7951103108772417,0.7142135276695755,0.6850565671936112,0.5308065726680418,0.7952196926339886,0.7386240293431148,0.521184168073116,0.8081169539598949,0.8230975976080944,0.7884935912498282,0.6645398611902835,0.8594674710405235,0.6739418817680178,0.4971615362812992,0.7773880887884489,0.7320427683756559,0.7503702354014017,0.6848788080570434,0.5804125307910155,0.5641675987307592,0.9252671571003352,0.7840676797413485,0.6810978982909331,0.8485694602333553,0.8411571617129227,0.9029489553551188,0.8446771930432209,0.8377119136313737,0.7294475326178635,0.8682299268170974,0.8504854823643511,0.8750437059865488,0.7471733812237634,0.6289534990530199,0.6191387302516345,0.8461962322657988,0.7256321432533033,0.6975558677620128,0.8731496517893803,0.8239642729773788,0.6990656840905421,0.8238462281719799,0.8014645878089826,0.8249365219343492,1.0517494389954896,0.7671937800220124,GOOD
0.6981336329126506,0.7708273386348607,0.8620186782572368,0.7264308398986044,0.7818507350157072,0.5839523168992571,0.0,0.7895420660509687,0.6471704911681595,0.6133875358236025,0.8560740670929112,0.6870319559013127,0.7851870535233415,0.9069315502033956,0.6679751377690903,0.7957591105390918,0.7198803028122891,0.8938802208736435,0.8705456511813577,0.8673581053833446,0.8827173232376953,0.8713554199740671,0.8008988465989078,0.802758395582676,0.7656341143211476,0.6329135830109089,0.8297588592565817,0.7834417149848314,0.821680852058658,0.819407335487184,0.8339403624181124,0.7849922861585195,0.778634441153838,0.6948033864396634,0.9349933477565038,0.6918020712999726,0.7937146898108034,0.669527139112527,0.8271628859753701,0.6187212150344721,0.8346405624614395,0.7783649829419288,0.8883551477478424,0.8229229411531187,0.7795616986086489,0.996924447971286,0.894363406151093,0.8927020937920567,0.7711194800654172,0.8953796108096301,0.8846283795909454,0.8272155048204245,0.764411438310463,0.7522080721289065,0.9894270004623946,0.853579864248816,0.6610565067648043,0.8274006510003695,0.9077229026912534,0.7319897007127063,0.7686691461586062,0.8932591797033608,1.0353881727692453,0.970113564792169,0.94328371715941,0.9413678369649188,0.8961678540987735,0.9434140480118409,0.8606358911974602,0.8226576568870756,0.8584911586523334,0.9058481062048547,0.8562664525087171,0.9824746927290412,0.9279160086398929,0.6714613333758537,0.8702275249656082,0.8795854499785714,0.7472371555831264,0.7390060931388407,0.9300522269655965,0.8120322966219301,0.9643848313795744,0.8910533584837811,GOOD
0.7728489209761866,0.667411557090545,0.7245724252411453,0.6601819166270984,0.6896821663192069,0.5619861602729016,0.7895420660509687,0.0,0.35327213940827995,0.5345712411826131,0.7168377956984698,0.7619983437129869,0.6603049407582774,0.8261023967622114,0.6635572796612665,0.798362588367888,0.800868403706906,0.6814724779225255,0.6094145113285421,0.821287341729027,0.7714853623156382,0.5793543075484455,0.7974062473292963,0.6523233052967392,0.7248202306807059,0.600440156052035,0.704058725199703,0.770986899337452,0.9475057185867147,0.7506058580482378,0.6788242669520927,0.746298917070618,0.7888008837029304,0.7204901970257809,0.8256647680704517,0.7474673851286078,0.8602339385863891,0.7121762033953548,0.8335280768475093,0.8771055349031057,0.5916119827972202,0.6916168706248065,0.8432939962641675,0.5640176750445935,0.7959107533828266,0.8660789625316606,0.8311854010365938,0.8851108035719946,0.5792499539457666,0.8243812642447378,0.6585355127354386,0.6722174342856357,0.7639698843024908,0.7729130376673108,0.7645856814711136,0.7677730515111292,0.7895352150038831,0.8667183925183183,0.9341212276162695,0.8410243533219275,0.8651143348314674,0.8632393086613788,0.8184602077855468,0.9929908666707418,0.6938244398263398,0.6278416831085609,0.7702652928612811,0.878724542707672,0.7918905348540852,0.9156698733766362,0.6404063129282336,0.7108882662639764,0.5037372734394265,0.6578560963990302,0.7488170825159692,0.8555160635667198,0.7663068836460071,0.8661262848002358,0.8014467406671125,0.9093646712486667,0.7415314583047935,0.9245670840429657,0.775437581604121,0.9079605690999069,GOOD
0.5891172499837254,0.6646894127577079,0.6351808079614742,0.6425073137197165,0.5740447291180039,0.3922840982211254,0.6471704911681595,0.35327213940827995,0.0,0.1992340939805567,0.7819877992357719,0.7337870461105198,0.7156892310040882,0.7511186818021995,0.4214705046809176,0.7244481211542539,0.5097426075748783,0.6959031145470979,0.8387429028175897,0.730474135139071,0.7411676705878038,0.7444203759333923,0.7924680363303496,0.5976735794066235,0.7712433748592975,0.5339688652249475,0.6677119207359403,0.7240567718100166,0.8256149806200725,0.7094069141588639,0.7415544166018512,0.6416932225793004,0.709140769858959,0.7458724735794957,0.7581978801605711,0.7901185217266955,0.8573004231718737,0.6712686600458295,0.820982617001701,0.8139425905312065,0.5779939818723564,0.5623988814888699,0.7782072130606743,0.7091612032483078,0.5207936631832317,0.9076786856928701,0.8176471364858651,0.7202262551057561,0.6286425621044116,0.7614068875015937,0.6563370658728345,0.5592947867268623,0.7906587444767943,0.747633833836886,0.6799743592437819,0.6720279973482273,0.6147525890375545,0.6524657988916377,0.8604599613841624,0.8281169917878027,0.7455309155357778,0.8340982381895864,0.8796920684309224,0.8706212957951305,0.7370774429516351,0.6663314937323201,0.6585149889749944,0.8225470464224559,0.8103475064793566,0.7004461165493479,0.766197208584982,0.6269691923766763,0.4949393878383298,0.7363784048498911,0.5854215482639735,0.7950399011326539,0.7372933492401843,0.7896361435353527,0.7659541037369519,0.8970328693385543,0.8356922166015884,0.7648211609719159,0.7937414513377148,0.993923776257041,GOOD
0.672654910737207,0.7048443897447907,0.7583751169245072,0.6509657867904668,0.567174120006553,0.3710524846375679,0.6133875358236025,0.5345712411826131,0.1992340939805567,0.0,0.7476576159625281,0.6592138043955851,0.6263807528032488,0.8397767694694271,0.37156074289274976,0.7492042320528772,0.4613895849483757,0.6244244091389429,0.8103633760436545,0.8161782992969209,0.7515649706373002,0.7866282957736473,0.8300246312459683,0.5849173824859337,0.7292397205411897,0.6038182099921403,0.7160284444380773,0.7212776201188843,0.7649745848754699,0.7584746369165578,0.6443898183629119,0.643008160069901,0.5391573566702903,0.688523760686022,0.923506975555591,0.7861640282860429,0.9218105644794916,0.7578995178869291,0.7723273816146001,0.7621244088170007,0.6945341394791185,0.6139000193096278,0.7620337051764681,0.7843102380579261,0.4077025861149359,0.9814765688082826,0.7696560825041509,0.7967163922387375,0.6287524698759814,0.8463659663657166,0.6474522657547406,0.5064949362618707,0.8779025247906473,0.7493445285631498,0.713059536395958,0.6817157611204738,0.5675514922040721,0.6665741482862901,0.771364280598125,0.7812135062778078,0.7092004635169494,0.8273560982944447,0.8980589996201473,0.8941268524585827,0.7172620626692944,0.6880503913219305,0.6897044328665008,0.8708453512410226,0.7677597856926223,0.7603904745938541,0.7396237229496699,0.6115736777353051,0.5725156795628371,0.7173530501889925,0.6016027393325056,0.7967923010592749,0.7862125209454125,0.7513916764936338,0.7886486279066829,1.0262519062563809,0.9032918962364942,0.7427798894856285,0.95491810477917,0.9501924459736271,GOOD
0.7231315024113287,0.7872932525334966,0.7072483482595127,0.8126061333560314,0.5900059108394495,0.8729246569556849,0.8560740670929112,0.7168377956984698,0.7819877992357719,0.7476576159625281,0.0,0.6147893317586707,0.6639293453200608,0.767848036259348,0.7325534612010134,0.7079154399976259,0.869131595436352,0.6632503907155851,0.6047403389147257,0.6141102107975953,0.6923060396059706,0.8148895329623022,0.5238014435578432,0.6014549371096711,0.5892584619970251,0.6326872260954425,0.7502657907015355,0.826819932800161,0.92537326166706,0.7978525450680601,0.6855286667878706,0.7324082231181412,0.7341545540712799,0.9484579064951886,0.9708558644208756,0.8101198662813229,0.8717261981131136,0.8543362257066974,0.7812856596485261,0.7127333638317277,0.938709362158579,0.806452873282625,0.793978237336648,0.7688275228341495,0.9373305261405167,0.6981118572266649,0.7660848166155083,0.8600578258580063,0.639894657019701,0.7198965703373112,0.8715821444138652,0.714421745229751,0.8754218457221291,0.8824826479334232,0.8809033629809764,0.9892190475755557,0.640867888296272,0.7918198977570919,0.7720455912201896,0.7409703103914939,0.8241925010478617,0.933461661434474,0.810543414048704,1.0739381677889377,0.6965125694800067,0.6712178743063821,0.7232767412212717,1.0025593470473562,0.7992839177903591,0.8658194587454979,0.900182833180553,0.8648470606348349,0.8093500070656122,0.8313011187517476,0.887494143579616,0.8691922241338195,0.9300561247732259,0.8822111590095654,0.7704749019486528,0.9045118480091527,0.7309026116433093,0.9295351375490322,0.8960027463296244,0.8273988156403903,GOOD
0.8064111939501404,0.8791907407584448,0.7345560327880367,0.8356365719364961,0.7686844732352884,0.5831505468991675,0.6870319559013127,0.7619983437129869,0.7337870461105198,0.6592138043955851,0.6147893317586707,0.0,0.779198330518437,0.7546643301693381,0.6504759685514794,0.8633575355509585,0.8860794391392649,0.7043219139930008,0.6528373779463287,0.7777378142701954,0.6004798991954562,0.76512870056197,0.5127507041647408,0.5005867487014777,0.6016260455157545,0.4313282172762337,0.6094758249898673,0.7689195698966838,0.62018644814297,0.581218742258772,0.8095925518360045,0.7477556194765524,0.8296079071548943,0.8383966848890831,0.8686640912318837,0.7934250870427169,0.9376072569918953,0.7413225512220355,0.7323533241571205,0.5577084941640762,0.8651694739599525,0.834010555688071,0.8175152118834639,0.7731318926722368,0.8291133514410967,0.8770842924410692,0.87853179725563,0.8723697028621396,0.6578648075808282,0.764644165273214,0.9400658510913563,0.7093502673825782,0.7673411631001958,0.7071230748901964,0.9201702988969969,0.933696245098645,0.7831154666644246,0.7085216883473978,0.6845301483654496,0.753412592422933,0.6708246672254945,0.8829087909759555,0.9104197002099345,1.0759211373051691,0.794396559763493,0.796206092978528,0.7189358536155351,1.007849703989499,0.8158634803554587,0.8119593826042812,0.8639470296782172,0.875664992333368,0.7935435850464986,0.8706090311967377,0.8401773878154485,0.7496748923543578,0.8803647038152712,0.8359747551115196,0.7491295550283222,0.9039497764989676,0.71275664844338,0.7292491432579584,1.0572041510994739,0.8700037512194618,GOOD
0.8945439916229471,0.7920191439993194,0.7572515497026078,0.9062502961007648,0.776869585698998,0.7091089700835607,0.7851870535233415,0.6603049407582774,0.7156892310040882,0.6263807528032488,0.6639293453200608,0.779198330518437,0.0,0.7545569028840535,0.9006321757998925,0.7496667842127721,0.7968983809866108,0.8000644311014079,0.9055975851751498,0.8744975749942151,0.7525487517681593,0.7221377246949648,0.7319759363516506,0.8887336019778955,0.6679310334846831,0.7953741658207866,0.7842493380180486,0.7977349957510348,0.8116937784490017,0.864721396681807,0.12613287340615176,0.9065850435854346,0.5432647106416615,0.8435819579696616,0.9848737688499087,0.7902522273903698,0.7319582554437607,0.8474037452560395,0.7923328708305425,0.7855651048717402,0.7662764868647676,0.7680279141428823,0.6291111233469194,0.7674456948646169,0.6560899333115835,0.8985645361091026,0.6434745723704194,0.8673000174366784,0.5538557080983109,0.903362351949257,0.7397511677156893,0.7185859178907534,0.8890190019649907,0.6300027794197167,0.7794198697368209,0.8071077986590345,0.8165294911279245,0.8892091472749056,0.742913342432503,0.9108302575501166,0.6824450913200588,1.0235384469769657,0.82735184726373,1.0636357492217543,0.6395655455642704,0.5677557968501279,0.8819228120397685,0.8488638635892819,0.8455991572545738,0.95009052074046,0.7164884870505537,0.7945070671507322,0.7847590376757223,0.7461525492508153,0.7735444755707125,0.9739922787046669,0.6191500196763056,0.7289204300814931,0.8855963669556433,0.9016696485999354,0.9899299749473757,0.9392364477381995,0.9157832446399974,0.8609209866470542,GOOD
0.7388913713127883,0.7749489402635888,0.7732464058099264,0.7017100070191303,0.763700395202015,0.8576922422432112,0.9069315502033956,0.8261023967622114,0.7511186818021995,0.8397767694694271,0.767848036259348,0.7546643301693381,0.7545569028840535,0.0,0.8217921161720035,0.8092457263811916,0.8911042095174768,0.7352100932737079,0.7885171566399161,0.8103384020275193,0.6450112104841026,0.8133088541464988,0.6266425516807499,0.5710418946148771,0.5330235656573901,0.6354926079496205,0.8651592091300393,0.7025789164521687,0.7851099658070052,0.6259580081056444,0.7512944521235603,0.612944027158099,0.9568936490330782,0.8826911217838019,0.6938727565646021,0.7424357943067202,0.7050120060569406,0.8733625434036882,0.5990011327086224,0.5912620794712085,0.8504144331828123,0.8131784970690181,0.8222336716221468,0.7934122067753699,0.7711328750309904,0.8477456852076675,0.7141303451046813,0.8565235197325739,0.8293892373366547,0.6589650200469643,0.7617511465647755,0.8155676224430646,0.6542076811961292,0.5337671187180475,0.9143597841821587,1.0297204808782063,0.9038019772911416,0.7061748340760949,0.7923661539886449,0.8294230950904996,0.865322042379817,1.0463561621075956,0.9037933857732774,1.070692806681758,0.7579231311953756,0.6329217628825623,0.6480973684199165,0.9661477956637401,0.847420933660587,0.993517753864308,0.7014421339291885,0.8841986365395869,0.9293254250688967,0.8476928824272959,0.6973069426793783,0.8036973347926577,0.8495082741607902,0.7452929368281636,0.7131657466842202,0.812110130983191,0.9908189807589146,0.9485699318406556,0.8414686950857645,0.9865424653848821,GOOD
0.7086856754767046,0.6795175926546952,0.7703731669541919,0.5170746743030314,0.5804972020036023,0.5043894808953403,0.6679751377690903,0.6635572796612665,0.4214705046809176,0.37156074289274976,0.7325534612010134,0.6504759685514794,0.9006321757998925,0.8217921161720035,0.0,0.8226079001275359,0.5109874119167693,0.6938877673267345,0.712078943468734,0.673087982116908,0.6583830722853337,0.746591019502331,0.7849540855983067,0.503982126598275,0.6992189761160243,0.5920681576492768,0.767611976149557,0.8021290719410784,0.9138871459203931,0.8032372897543338,0.8075673905102789,0.6768958994038433,0.6685687503615494,0.6884320642060389,0.9038868131049624,0.8204305230689946,0.9624144175683315,0.7571134560285859,0.6257826614668223,0.9627872312742606,0.7971370503985356,0.6054884406656538,0.8325724045054242,0.7259514309849331,0.52790211228215,0.9885633637504914,0.8882004339244336,0.8778729921074739,0.847917564660206,0.829806795641437,0.7765953229150323,0.6516541016401598,0.801116181534576,0.8527880046624627,0.895632272921222,0.8415778698209512,0.7082549735288118,0.6740767290806123,0.7980180557107491,0.8020256044395222,0.7643612846072096,0.634788649496073,0.8419822751189985,0.9760483885074387,0.8001748612688193,0.8143789763367248,0.6386450171158405,0.8685040944476479,0.8689208965431929,0.7744282094891642,0.8593001499080077,0.7196849509415093,0.7037129228930918,0.8114682504145122,0.7666103018389545,0.7730541479423543,0.9059290293841341,0.8818235904145149,0.6510462100212802,0.9613747296685168,0.8041432656244867,0.7335465499577942,0.9130271193648433,1.0320032557275203,GOOD
0.637702103190082,0.5065695362473226,0.7237702538448703,0.7443104719265965,0.78191587962,0.8734053901817884,0.7957591105390918,0.798362588367888,0.7244481211542539,0.7492042320528772,0.7079154399976259,0.8633575355509585,0.7496667842127721,0.8092457263811916,0.8226079001275359,0.0,0.8751502921675998,0.6978585697252917,0.8187602378084395,0.43593416751932645,0.6674413080332565,0.6780118555127871,0.7701840524096609,0.8668124802843942,0.8975767405826667,0.6734918612772172,0.8124755727319828,0.6727569889189486,0.7621891307792354,0.7665206484356417,0.8019624050820602,0.6648498454081987,0.8397958903378269,0.8257518271215024,0.7765713054178736,0.6963415088663412,0.7711718078968073,0.7845704453190787,0.7156321644466475,0.7163997944917715,0.860724475777239,0.5707424911216327,0.7256999219126139,0.8784293656586996,0.8622568977988355,0.9055984758154292,0.7850207815549475,0.9004883901493801,0.7185505913844086,0.7318044980569112,0.799194003944117,0.9428252985911445,0.8893967371051098,0.7725868608030917,0.9324816851245269,0.8537276965413854,0.7162568037778936,1.0794218174377674,0.815289840691013,0.641399100440043,0.9396615418795249,0.9436228605053455,0.8302014709782343,1.0280726464800294,0.8088754678196596,0.8324700335209505,0.7728944101175039,0.8051039015744613,0.7308623056709199,0.9366507785292716,0.827189371979311,1.0005050440003151,0.8301454333113192,0.8195476174114575,0.6905670995773163,0.7686686084461944,0.8304224975245786,0.9591853158302639,0.863493900053257,0.8008638947318614,0.8479652270991433,0.8681272405156749,0.8516537544267815,1.0277113637452275,GOOD
0.7777241408042728,0.7730604914949792,0.695473885925616,0.7653434801098541,0.48655473804793026,0.5105676931024656,0.7198803028122891,0.800868403706906,0.5097426075748783,0.4613895849483757,0.869131595436352,0.8860794391392649,0.7968983809866108,0.8911042095174768,0.5109874119167693,0.8751502921675998,0.0,0.8867317040438149,0.8815089454541787,0.9806111046844456,0.7758840757086602,0.842129546756268,0.9355763010292389,0.8474178726351758,0.8585562412835941,0.8086650465832129,0.7370188980803911,0.6608640064033053,0.9140324699129508,0.8282398605894462,0.7789971855811109,0.6052602616431838,0.5946086846942636,0.6691133147150807,0.880045527291574,0.7344429100056677,0.7514142961812897,0.7547675155628261,0.65195360574249,0.9879864018502428,0.7765340893262074,0.43918148588296024,0.7166889564503854,0.9885300099573088,0.45012080092539386,0.9651838124637617,0.7970820379727204,0.7152559504741034,0.8954454639479684,0.8459176695415717,0.5818405575676482,0.6315959344674422,0.8584592735319762,0.6576834432504706,0.6584604977648141,0.6919351351890828,0.5122204688102019,0.6590627793919088,0.9486136218719879,0.8353108463910994,0.7466002941372709,0.7301441459061477,0.9881194226704603,0.8952955366547112,0.831966501613975,0.7848530946400082,0.6225376341520396,0.7978803750108551,0.8873794979505956,0.7269871651225199,0.7408840539265238,0.6987157446377796,0.7451978452413925,0.7095131102991685,0.7445542470438831,0.8705640398809416,0.8097607378467442,0.7879506308154415,0.8758547310680406,0.9933597284159515,0.9264246336326039,0.8059409422393278,0.959056216767638,1.056756034487717,GOOD
0.6941134425429145,0.6404019749515139,0.6218486129019571,0.6635510119654713,0.7979013664625374,0.7496068948129977,0.8938802208736435,0.6814724779225255,0.6959031145470979,0.6244244091389429,0.6632503907155851,0.7043219139930008,0.8000644311014079,0.7352100932737079,0.6938877673267345,0.6978585697252917,0.8867317040438149,0.0,0.5286738134199145,0.6613577913303275,0.725133360043597,0.7823687050510315,0.721174426126791,0.6271995486581377,0.6902430502291645,0.6107814301426338,0.825096805123179,0.7837525321453225,0.7641071847284356,0.712601639492954,0.7900992629655998,0.8020707233635676,0.7440260925759331,0.8809200830258215,0.9084315265414935,0.582616142015763,0.7990927552115402,0.7171957076941986,0.727031576072428,0.7138536614544512,0.8837928470031594,0.7764777031417831,0.7754705041458685,0.7501772057658227,0.7929654546288829,0.942397811487459,0.8698722406323682,0.8794425169694188,0.8184592797372948,0.6572402935689852,0.7959558782121641,0.7846891749725841,0.7815414233997252,0.7790961502238106,0.9785412692213867,0.9167562353556681,0.6786025672666525,0.7672125751339262,0.6890239473672666,0.7532083635348947,0.9167324580381317,0.907454076082751,0.6896256380359658,0.8807519356457891,0.7023865400795024,0.7007544849932108,0.6474351188272179,0.8103464820767033,0.946480569169341,0.8722712069433864,0.8023123212594504,0.8306978544297716,0.8093454635738807,0.8636542723811778,0.730535627740612,0.7799325697686231,0.7641550045015506,0.6899220493457882,0.6332164746846196,0.8896496475747806,0.7634640158676581,0.8646003852669429,0.8789304826053617,0.878802267033088,GOOD
0.8257899029425052,0.6388869126162215,0.68592700843411,0.735946371873502,0.821054926896332,0.8243231187290865,0.8705456511813577,0.6094145113285421,0.8387429028175897,0.8103633760436545,0.6047403389147257,0.6528373779463287,0.9055975851751498,0.7885171566399161,0.712078943468734,0.8187602378084395,0.8815089454541787,0.5286738134199145,0.0,0.7172045518628789,0.7360720877817309,0.7078888362307412,0.7376255299823276,0.5261573198912817,0.6734943530279776,0.6190143088699154,0.7188007728699003,0.8156511430309882,0.7931683971380907,0.6643129247679589,0.8599021798249264,0.751325291827101,0.761737998293804,0.8014447871031958,0.900064363948493,0.6991643102174989,0.8310830066422742,0.8518136655133904,0.6597274163669735,0.6303956544069691,0.7896166411541149,0.7692783568290846,0.9572899968426687,0.7209812049567718,0.8074045131232372,0.8384650046001974,0.8404247094926113,0.798180946543152,0.7499715299788673,0.8309432347099124,0.8373156046152141,0.80419964139842,0.7851389036034213,0.8400276524133414,0.9221127955723095,0.9566881224828646,0.8223681230948714,0.8674438783852978,0.8085781240808864,0.7071141776309626,0.7694902734932003,0.7255421969072449,0.7820242215710624,1.0217541759191113,0.6449955782636763,0.7228021407821273,0.7021202003553857,0.893647629003177,0.8928655087957431,0.9268919131356574,0.7865900450811395,0.7775824316811313,0.6611638682649879,0.7871204690162258,0.871529883720377,0.9220695578844735,0.8786664342489185,0.8258492382658371,0.7500842350981148,0.9898381076943108,0.6267740165103008,0.8331151368574365,1.0434084902737277,0.9167852310619273,GOOD
0.4511768174565056,0.6595000575039516,0.7562153128711504,0.724021791470014,0.8119201358959321,0.9652151867278878,0.8673581053833446,0.821287341729027,0.730474135139071,0.8161782992969209,0.6141102107975953,0.7777378142701954,0.8744975749942151,0.8103384020275193,0.673087982116908,0.43593416751932645,0.9806111046844456,0.6613577913303275,0.7172045518628789,0.0,0.7430420499297581,0.7497579371314075,0.8511278678536108,0.7203694663119279,0.820872974012605,0.6814579772718838,0.8017263445548105,0.9139030181779809,0.8935563977700985,0.7737815750539342,0.8876023408751474,0.6188882262310846,0.839243318472034,0.8320592201344256,0.8995312359535791,0.8137721013636561,0.926270168584987,0.7900678940635242,0.6905677767079512,0.7712664071882189,0.8048698319817715,0.6476323451771009,0.8097434064076618,0.7899718209896925,0.8587450004537198,0.8808947080692138,0.9153027702595782,0.9947159195618156,0.7575822925654381,0.725671345105368,0.9794713045028949,0.8493288991914919,0.7639186391669164,1.0030356990435223,0.9273616285055329,0.8973579162519099,0.8266526663711122,0.9504495590267525,0.7459418968673341,0.7962843539188695,0.8553702814251534,0.854276478497657,0.8393022179545755,0.9627577887671358,0.6446993466953238,0.7086059788787613,0.6558722219300365,0.7351101063471333,0.8372133337018394,0.7916566903538758,0.9237706712010443,0.8840364464562509,0.8394119924606769,0.867204487825204,0.8309077980720302,0.8062296138355951,0.847726868627468,0.9475040174927402,0.8090559919586131,0.8561106138266293,0.7445865751249217,0.771708896684759,0.7269675495763297,1.0369919811141042,GOOD
0.8324961791544603,0.5800834112696147,0.6728414655764123,0.6813368551322121,0.7169661838083496,0.6548210769964538,0.8827173232376953,0.7714853623156382,0.7411676705878038,0.7515649706373002,0.6923060396059706,0.6004798991954562,0.7525487517681593,0.6450112104841026,0.6583830722853337,0.6674413080332565,0.7758840757086602,0.725133360043597,0.7360720877817309,0.7430420499297581,0.0,0.7122657925283549,0.23593967722014586,0.596819327699939,0.7195327290772573,0.6570583086852418,0.6297661370899508,0.7339219232110157,0.797092376308942,0.5191623626354158,0.6274186806546809,0.8515904234203145,0.8569585598106113,0.7695630814656079,0.8107023643030329,0.7968684993342826,0.7002249652063652,0.7811791790594338,0.6922718091713576,0.6965872182630635,0.7281488974946102,0.6704057576733683,0.6537008344207087,0.7210326568661763,0.8429813676615163,0.7625795576572585,0.8146530917084297,0.7972618080486065,0.8002132758576617,0.8337585248455395,0.799490855713138,0.7478747090400557,0.7515505463694074,0.6400969462811806,0.8669315643724802,0.912472048126763,0.7899712371420669,0.776591522264449,0.7504055043495046,0.625662746809879,0.7757353382527676,0.7647381204725833,0.8871060261905678,0.9595682366011375,0.841354265040209,0.6939604912935526,0.6602134272899693,0.7769366814492729,0.6630638501819522,1.0767773116396548,0.7421309297142611,0.8664157809318348,0.9000760775460105,0.9450504327631152,0.7525114558900906,0.7772950724965156,0.8433901406047224,0.7404819820346266,0.7540289955782701,0.9138302867028291,0.7778190996077172,0.7517296250379577,0.9125816638609983,0.9606615472713966,GOOD
0.7937728603160519,0.6787110880424351,0.5951857937602499,0.5360033521286531,0.78088873596309,0.8031106557048213,0.8713554199740671,0.5793543075484455,0.7444203759333923,0.7866282957736473,0.8148895329623022,0.76512870056197,0.7221377246949648,0.8133088541464988,0.746591019502331,0.6780118555127871,0.842129546756268,0.7823687050510315,0.7078888362307412,0.7497579371314075,0.7122657925283549,0.0,0.7824724664176794,0.7850912384438687,0.9041889224472357,0.7359883994476989,0.6867942794393394,0.5676255307457917,0.879867177295682,0.7428759501237365,0.7509780542229065,0.7551880432750738,0.746920763771572,0.7919796202234959,0.7589345336706972,0.906846223184043,0.74594610058348,0.5789025513749488,0.7430823633539877,0.8904632790042246,0.8781871608733802,0.5158350037206352,0.7004962249941872,0.7525958469704028,0.9286032577772979,0.9476141241270349,0.7441079775192376,0.8516901022174684,0.7875717605180537,0.8584466547813875,0.7217610523289176,0.6637802797377648,0.7299144138582079,0.7852910813535534,0.7248440685119042,0.7328316641243846,0.8460149857628815,0.8260510776288421,0.924386368783057,0.7783824540041319,0.8892904306150311,0.8428201306077368,0.7528491771979086,1.0428751850845697,0.8662840857663135,0.830328533808242,0.8082230347108093,0.7086212806570715,0.9063947751285146,0.8436377473672627,0.7430785370256847,0.6715252369193003,0.8065548259621405,0.6128228780034166,0.7601338350527298,0.9323193634733994,0.7328147367708646,0.9826540920928123,0.8016640582991517,0.7215547584798292,0.7777984910461014,0.8716120474873195,0.7943194151720493,0.8497360296598178,GOOD
0.8528203428621944,0.7423326851793797,0.750837252810705,0.8594844045022315,0.790348189817313,0.6825045195937189,0.8008988465989078,0.7974062473292963,0.7924680363303496,0.8300246312459683,0.5238014435578432,0.5127507041647408,0.7319759363516506,0.6266425516807499,0.7849540855983067,0.7701840524096609,0.9355763010292389,0.721174426126791,0.7376255299823276,0.8511278678536108,0.23593967722014586,0.7824724664176794,0.0,0.6146201576371286,0.667445415129982,0.6396759916088888,0.708445781774108,0.828597514609095,0.7804554842493382,0.5573821131290568,0.7169653595917821,0.9360060955336589,0.9225933678840672,0.9835928346114026,0.9236044524063992,0.8314546599958579,0.8091880578977555,0.7523950026509829,0.861156299972705,0.578874785307504,0.8934657758859577,0.8854732415762985,0.8092995333461468,0.7573576712331294,0.9203447259844251,0.7565371870185337,0.8578914604574348,0.8185104515145445,0.7333205228818676,0.7694382709996594,0.895225402106716,0.764427905657349,0.7345341299409791,0.6916779431991811,0.9322003428045043,1.043879982295247,0.7195519751565516,0.73624153066554,0.7408240262557622,0.7343448920806221,0.8066401704456464,0.9402647908723487,0.8679324769863795,1.0334094783183707,0.7893458020445743,0.6313239269467132,0.6963066733788454,0.919175807914809,0.674877373051735,1.0395738610515113,0.8887348102734655,0.8954179873374635,0.9309328558527878,1.0124787907688562,0.8039782797693442,0.7969822792403684,0.9105602330838317,0.7358751276453126,0.7363128738640876,0.8124101930203214,0.7710638812821432,0.7766203402998136,0.9065162286412106,0.8815258788266118,GOOD
0.8262746144446946,0.6334568496482442,0.6976109355021234,0.5879081387792163,0.6858944460956453,0.6099043893993001,0.802758395582676,0.6523233052967392,0.5976735794066235,0.5849173824859337,0.6014549371096711,0.5005867487014777,0.8887336019778955,0.5710418946148771,0.503982126598275,0.8668124802843942,0.8474178726351758,0.6271995486581377,0.5261573198912817,0.7203694663119279,0.596819327699939,0.7850912384438687,0.6146201576371286,0.0,0.36505855770383067,0.4253688538038769,0.6643289791648272,0.7175370565849595,0.6947503489126063,0.670726155232289,0.8254427865292832,0.7263420761165449,0.8134994840839609,0.7566132671713584,0.7543928187417019,0.7995907860012593,0.9469014068583914,0.7496885749315667,0.7123823981816474,0.7198592616980173,0.8026597090399094,0.7556190204909877,0.8383110346091137,0.7780896303958587,0.7082162781421122,0.8391312614180815,0.8090926778427359,0.7856340441816332,0.7345889400284333,0.6999588646642994,0.8001617410167619,0.6836092787574497,0.6895625240363221,0.7489456362965007,0.9180111007179728,0.911660204587593,0.8427478586720236,0.7087829404637647,0.7684829737000641,0.7479597908471847,0.7409996638702234,0.8147150858646367,0.7986096441011121,1.0309059031699308,0.8101988307286593,0.7994077253740851,0.6576909846987719,0.9842968477093998,0.7191517185942801,0.8706340661791817,0.8180913658259796,0.7367317340066479,0.7338290358218076,0.8101639859131992,0.7371986838417364,0.7087451785558585,0.9137794768709618,0.7906151865362201,0.5499204030540987,0.9785322405919445,0.7864461606703956,0.7394639864589119,1.0010149643840343,0.8750782731272764,GOOD
0.8414796416539012,0.710611703337387,0.8361020821863487,0.693248850626162,0.6364810015596569,0.7009307232183941,0.7656341143211476,0.7248202306807059,0.7712433748592975,0.7292397205411897,0.5892584619970251,0.6016260455157545,0.6679310334846831,0.5330235656573901,0.6992189761160243,0.8975767405826667,0.8585562412835941,0.6902430502291645,0.6734943530279776,0.820872974012605,0.7195327290772573,0.9041889224472357,0.667445415129982,0.36505855770383067,0.0,0.5948987690025276,0.75474644750364,0.7288792089248811,0.7865454522805544,0.8404528574130095,0.6294326790642226,0.8122088250811579,0.7473796859068933,0.7755792261402807,0.9437280869717656,0.7854641953435056,0.8601095279759259,0.7395222721350456,0.7390638960886873,0.7374962108582056,0.8863861701072651,0.908587238845224,0.8671289653268599,0.9207706656986879,0.7756244091839137,0.7363376128332902,0.8026947080026452,0.8612295268317763,0.7499084608494744,0.6393282358703294,0.8423751291204443,0.7899348692725445,0.7779254951327124,0.6633844327495942,0.9275340318187586,0.933112306567756,0.800705433323995,0.7604473923332713,0.8426113309883004,0.8218446483113836,0.747922629842075,0.9891876691644077,0.8272684805249989,1.0979246521549755,0.7395344843853022,0.7365169800601737,0.8088212585262425,1.051332060564219,0.8009154821468882,0.9427371610738798,0.8386877146693233,0.8574704848329902,0.7851286001180984,0.8566358952150964,0.9057195154863295,0.8654468127123054,0.8786595281433138,0.7939026824755392,0.5473455563474046,0.864724622168159,0.8610531758856961,0.900077800260042,0.9645958099672247,0.7852933409162579,GOOD
