GOOD_BigIntegerMath,GOOD_DoubleMath,GOOD_DoubleUtils,GOOD_ExecutionList,GOOD_ExecutionSequencer,GOOD_FakeTimeLimiter,GOOD_FluentFuture,GOOD_ForwardingBlockingDeque,GOOD_ForwardingBlockingQueue,GOOD_ForwardingExecutorService,GOOD_Funnels,GOOD_HashCode,GOOD_Hasher,GOOD_Hashing,GOOD_HashingInputStream,GOOD_IntMath,GOOD_LinearTransformation,GOOD_LittleEndianByteArray,GOOD_LongAdder,GOOD_LongMath,GOOD_MacHashFunction,GOOD_MathPreconditions,GOOD_MessageDigestHashFunction,GOOD_Murmur3_128HashFunction,GOOD_Murmur3_32HashFunction,GOOD_PairedStats,GOOD_PairedStatsAccumulator,GOOD_Preconditions,GOOD_Predicates,GOOD_Present,GOOD_PrimitiveSink,GOOD_Quantiles,GOOD_SmallCharMatcher,GOOD_Splitter,GOOD_StandardSystemProperty,GOOD_Stats,GOOD_StatsAccumulator,GOOD_Stopwatch,GOOD_Strings,GOOD_Suppliers,GOOD_Throwables,GOOD_ToDoubleRounder,NPE_ArgumentMatchingTool,NPE_BisectionSolver,NPE_BundleRevisionImpl,NPE_CategoryPlot,NPE_ClassUtils,NPE_ClassUtilsTest,NPE_CollatingIterator,NPE_ContentDispositionFilter,NPE_DETECT_CYCLE,NPE_DETECT_CYCLE_TEST,NPE_DatasetUtilities,NPE_DefaultIntervalCategoryDataset,NPE_ExceptionClient,NPE_ExceptionThrower,NPE_FilterListIterator,NPE_Hello,NPE_Invocation,NPE_LocaleUtils,NPE_Matchers,NPE_MathUtils,NPE_Node,NPE_NullReferenceException,NPE_PDAcroForm,NPE_PDAcroFrom2995,NPE_PDICCBased,NPE_Pointers,NPE_PolygonsSet,NPE_PolyhedronsSet,NPE_REVERSE_LINKED_LIST,NPE_REVERSE_LINKED_LIST_TEST,NPE_Resource,NPE_ResourceUser,NPE_Resources,NPE_ReturnsEmptyValues,NPE_RuntimeNullPointer,NPE_SimplexTableau,NPE_StrBuilder,NPE_StringUtils,NPE_SubLine-b,NPE_SubLine,NPE_TypeCheck,NPE_XYPlot
1.0,0.6335044944024061,0.6353780436432959,0.6381101996911624,0.6152890469788778,0.594786705272292,0.6590026332583874,0.6107979749705894,0.7031105489805792,0.6549062660471062,0.6410305317106681,0.6051687444038886,0.5197856491012103,0.6143782530244554,0.6428067555078191,0.684318924365855,0.5384655511918135,0.6512810927900324,0.6007940653472967,0.7852904554691139,0.5962531473534254,0.6112258030035227,0.5710107815462064,0.6033724840445593,0.5860668730567511,0.7115456373838172,0.6153287162930591,0.5655592450863793,0.6051895783907528,0.6380047997982261,0.5538143212212099,0.7160876313764574,0.567520952767703,0.7057998469739862,0.578536718440152,0.612269599676388,0.4808257415857451,0.6491709552362178,0.705246022209248,0.6400899067818046,0.6306693422746766,0.6773564740486319,0.558453107716018,0.6250648489449191,0.6178344836556182,0.5223656229547361,0.6328934892382261,0.5753172842015427,0.6974775885697317,0.7261935551201139,0.5844994935862244,0.6681889667466385,0.6021517832220733,0.5495807732527072,0.5984623867850164,0.5744565712401021,0.6412749385200562,0.5889590233756392,0.618925924276459,0.6528786025646842,0.6320455469925602,0.5778787775558507,0.5989055686766348,0.5863702354204597,0.6638421236951484,0.6688383561867536,0.6947749899930861,0.5740440341954187,0.5918886763093609,0.59772563484771,0.593464258249823,0.6121579757610921,0.6402850392456413,0.6059615688240225,0.6121113299013667,0.6285926429451497,0.6481786091270945,0.5165141535131856,0.6434312148544746,0.6131959729628583,0.5818029910657438,0.5898659696020622,0.5983166713808045,0.4734012070363347
0.6335044944024061,1.0,0.6511900136577242,0.7506343408018209,0.6610109108975947,0.6532099066500191,0.6423682213493864,0.679239446077659,0.6802792200838703,0.6541010224199427,0.6279370106284412,0.590940685738482,0.5911359572909407,0.6125647780847244,0.6731265628996884,0.7611714856043476,0.5542121236539326,0.6930151794764687,0.7069505104141462,0.7040666364810734,0.7329359213463092,0.6840451362862283,0.6438332876860663,0.711757788739578,0.6675554698873948,0.7587934116419937,0.7425473665550838,0.6531270677327883,0.6164105483566549,0.7013082957168173,0.6381342131830894,0.6951199503395636,0.5805441209547929,0.6747396363095483,0.5976044279718294,0.7551565346565161,0.6910416186530272,0.6843851533727427,0.6689726599490469,0.6165363080146141,0.6504944741648563,0.7180858220920294,0.6395557737680468,0.642928077777703,0.6168224009910497,0.576641860816772,0.6306704391332494,0.6297642525858217,0.5885758046475271,0.6318307792951354,0.6341097844144258,0.5942176628223169,0.5960476925775111,0.6886489624130379,0.5788115218372542,0.6187096277150134,0.6244625922008098,0.5410196766943656,0.5654027754165665,0.6680709232156925,0.6389648702129913,0.7020420355241088,0.6367934153303269,0.5811571245374487,0.6382499484021045,0.6401863165118071,0.7097254154509722,0.6275957562105207,0.6785759405146026,0.5977238114817061,0.6212274273377307,0.6051284177996281,0.6213957432704488,0.5963128171903768,0.6581722076308577,0.6000160359291149,0.5875155352244231,0.6056332298141676,0.6133650998334611,0.6300555227504335,0.5703131083914346,0.6156317376241798,0.6217537643563394,0.5863429173661594
0.6353780436432959,0.6511900136577242,1.0,0.645207105965474,0.5431534553856804,0.6677084467273092,0.5767016019871658,0.6332101373008145,0.678233957202344,0.6090287629912645,0.64701012181972,0.6382994359490529,0.5913822682184836,0.5945701888442299,0.6096986925191293,0.6397729883778432,0.5846386045999555,0.6859473196138914,0.6663357913037755,0.639138825864112,0.6716625461116831,0.7067408146953386,0.6203387397430318,0.6629707320164179,0.5864471798012352,0.7237281097315382,0.7092416718190692,0.6504658290356853,0.6028370126708127,0.6441945237651163,0.6029777582557424,0.6250181291056307,0.5771334729666181,0.5962748732759368,0.6429584680890859,0.6170928739650537,0.6547541853798947,0.6127590019101125,0.6662343495789407,0.56925495560596,0.6163696089160507,0.748738919890718,0.662436565835199,0.6193073939739531,0.5577923088517576,0.5883350384800596,0.5871399989405222,0.6848400954482584,0.6118793974159538,0.6250482677937897,0.6757891116949558,0.7067691926439916,0.6052906295961491,0.6218088244326873,0.6420895404613017,0.6057274060671979,0.6550035286167203,0.6482429903286984,0.5878452424828597,0.6155792235203877,0.5879211949082114,0.5747436981217278,0.6522839270862862,0.5297186775738085,0.5463213925501595,0.5702542575996318,0.6741857660144751,0.6107467647971935,0.510563967436903,0.5724886689936187,0.659975382997883,0.6473538866565486,0.6249987780764912,0.6538561429595627,0.6779777054440136,0.6223108525293215,0.5885705471275894,0.5454584552612625,0.6228161540343403,0.5906617751928002,0.6430073320544929,0.5938791000744394,0.49708308386905664,0.5522476631914222
0.6381101996911624,0.7506343408018209,0.645207105965474,1.0,0.6096371130262112,0.6448433419484656,0.6522978313400145,0.6736316509656225,0.6821219554448548,0.6717978410126726,0.6043390602009339,0.5989554588449246,0.5213030969929215,0.6398021712552444,0.7440967471823642,0.6386693305254235,0.5507591839944058,0.6727935008009449,0.6514510811623451,0.663947201847226,0.676213032056937,0.7426611344357243,0.5756725065873185,0.7235268454743783,0.665644408498928,0.7044195615894695,0.7000337765193968,0.6817551221235424,0.5713777512429972,0.7391509556081375,0.5957312305386996,0.6418903119187996,0.6520506341429387,0.7013385803151633,0.6907253460823087,0.6645601925569976,0.6072691279663208,0.7725582362516108,0.7210771831817895,0.5321796392231694,0.6642100866740107,0.7131718058326089,0.7190752523471869,0.5965211622647789,0.6184457963384459,0.6044176689337127,0.6604340969845972,0.5658879661541925,0.556362344555321,0.6127600953189937,0.6901339105546428,0.672247196030729,0.5911426341794426,0.6162403388300042,0.582920100319169,0.6413493577437049,0.6246756725803626,0.6558872497554639,0.6053829753920575,0.6703591506746686,0.6150453763798222,0.6293264693640346,0.5753151729245363,0.5250011446234348,0.6224333721165145,0.5999312099495738,0.7095638533455455,0.6179667083222933,0.6205598905757038,0.5578617592821815,0.6478139299716462,0.6786557981923119,0.5878199319608874,0.6753944396689805,0.6707199743644723,0.6673934976182497,0.6137013969919524,0.5784641240554304,0.5986306943123245,0.6289949166577885,0.6172084169283886,0.5527167394093795,0.5749257814633337,0.5368920904720457
0.6152890469788778,0.6610109108975947,0.5431534553856804,0.6096371130262112,1.0,0.6404543780633537,0.5960792273637078,0.6339317848574991,0.6949198880368417,0.6940488943293933,0.6903451804939021,0.6019487221790399,0.5638245822843081,0.5820022107257163,0.6914704414684936,0.5913073231360357,0.6992708160217133,0.5775674218837,0.5797154295132033,0.5912761399901177,0.6314708327743919,0.5955649495172111,0.5810962101587523,0.6502504626874985,0.6686051666259611,0.6580098560017925,0.6457104565511007,0.6545870374972703,0.5217570816835384,0.5464645970094125,0.6233530233058796,0.6651994420718356,0.5698329108609675,0.6189888724649885,0.5243457667829762,0.533419009707955,0.5216379223842496,0.6454399032393361,0.6240770889529026,0.5158634896995197,0.5646403750730945,0.6768399162019092,0.5773661316805222,0.5641555879793428,0.6591690264700684,0.5475595042047164,0.5629587050369405,0.5303769913493921,0.5295021963610832,0.5754034998676435,0.5941829321454278,0.6409391327325428,0.4518678934891587,0.6240964403422569,0.598929413690613,0.5869190760596423,0.6389476888310929,0.602663886678564,0.5222477152856528,0.6601425588828803,0.5790448378652475,0.6301649475783763,0.5666039864448302,0.4886338958762608,0.633264631512336,0.6489747005622326,0.6361722640035974,0.5524152777863588,0.5674212299148295,0.631844756323293,0.56447733803734,0.5936252208313945,0.6307264957988594,0.6207658055885291,0.5824464114179491,0.5102473241029297,0.57627526381093,0.5244120692862484,0.6017185659534126,0.5531147274039011,0.573862286386312,0.536209104786157,0.5337536472319018,0.553291315856201
0.594786705272292,0.6532099066500191,0.6677084467273092,0.6448433419484656,0.6404543780633537,1.0,0.7163125592268681,0.7184238394080983,0.803297509767784,0.8104059603165124,0.5689757999060072,0.7159805288189868,0.6204839980808993,0.5545898673067557,0.7470594725628246,0.5699797535473122,0.6931823757397128,0.6253344208547866,0.6037459204253282,0.5453217020338591,0.6840945105072661,0.608807263222245,0.6584382145705274,0.7086854329495154,0.6570434099184006,0.7327488963269856,0.7323543721022693,0.6614769892372044,0.6495982752829759,0.6508511146837817,0.6511623765572931,0.620206290943955,0.627583681478611,0.660818044217182,0.5898647263778773,0.6127125536743758,0.5421692516526897,0.6447256640655549,0.6108654726348057,0.6370293193030051,0.64025070443463,0.7290747259059874,0.6072418125183762,0.6319897868468829,0.7346361044010009,0.6078983163908397,0.5735107081215778,0.5966390530472365,0.6686370215288256,0.5883097730563527,0.6799968715962847,0.7608461143383051,0.6066524185275597,0.6324077388749564,0.6275850966382936,0.6739734534899428,0.7116227993715922,0.7356827041570033,0.5581985127907845,0.6186292417170219,0.6754775924488181,0.5860799959048123,0.5995478743133886,0.5564657624885736,0.5821495253112832,0.5802706280870944,0.6519009668902607,0.5616343016466716,0.5855877974990086,0.5711699572738034,0.6424032250358965,0.6846634467114454,0.683691255883606,0.5920779479294886,0.6516593842320496,0.6639267473376632,0.5591314424820566,0.5811396004237687,0.6527485565368576,0.6197024473184888,0.5975770547808297,0.594871163574854,0.44352468075635554,0.6194025355067394
0.6590026332583874,0.6423682213493864,0.5767016019871658,0.6522978313400145,0.5960792273637078,0.7163125592268681,1.0,0.6135470578560054,0.6828978447916725,0.693481672040984,0.5874247631222465,0.6737477302614239,0.5881762864702721,0.5391593324427247,0.6726730209442492,0.6176524549397024,0.578875987121504,0.5636508618750309,0.5922135033404764,0.6021442559296696,0.5850695640087145,0.5860748404652574,0.6084711588364903,0.6268074969072033,0.6345771537491889,0.7235965035315106,0.6484669713690528,0.6221055949619497,0.5972003960792882,0.6095564740117037,0.5921524922089826,0.631957513239252,0.5848862061823283,0.6655473055898333,0.5403904665090256,0.66918355483225,0.6029373419662162,0.6897069708986892,0.6050887805003656,0.6923523771103223,0.5710393474964021,0.6115985317296867,0.5717571589610237,0.5995977233379386,0.6119905044904027,0.5283767704313515,0.5466153689444806,0.553489435427002,0.6244650273544667,0.5821243220359943,0.5912924056011261,0.6126258912496374,0.6218947443042837,0.630923860704657,0.5206041870265868,0.6045037849354838,0.679253664934099,0.6238085046757754,0.5777279318193018,0.6528120244114461,0.6434787169731294,0.5750216665144245,0.5199791538760372,0.5350351561440652,0.5445215086736017,0.5393068065145237,0.5835893529343702,0.5345824373877723,0.5910038249886993,0.6066688181546674,0.5998132876817543,0.5563812211513071,0.5723562161450052,0.5383839806140073,0.566071830145513,0.6847869236297582,0.570609551986952,0.5629089102253758,0.6375594394532397,0.6682917781600598,0.5438240425431774,0.6108847261401218,0.5001570942285448,0.5684445254995736
0.6107979749705894,0.679239446077659,0.6332101373008145,0.6736316509656225,0.6339317848574991,0.7184238394080983,0.6135470578560054,1.0,0.8215984759404414,0.7251756704689962,0.6433869015939178,0.6260630904767848,0.6443647681220526,0.5681286407217353,0.6648613656020997,0.6039618834835124,0.5244959969272941,0.6569177719458816,0.7044967756233942,0.6096745727953382,0.6249412358484546,0.7155064945372083,0.5980518947356036,0.6858954683506394,0.6426329964685245,0.7262409676606252,0.6874988049282534,0.6161642447274559,0.5211517291992163,0.6304892157576562,0.6576815224451175,0.6380211748470161,0.569087251048152,0.6419879492225351,0.5815869749523752,0.6308309995634442,0.5570369333943511,0.658178801576329,0.5889577868386643,0.5511830689508443,0.6872364254262162,0.6446828830376347,0.5803907557886386,0.7169255392824727,0.5920875154167485,0.576533972918775,0.5664662249535516,0.5441437568536095,0.7090546768302132,0.6019177053705895,0.684648333086968,0.6742218654806926,0.6107237721709404,0.6091050813529729,0.6177258608442839,0.6316305463198983,0.6048312514176477,0.5915758605135607,0.5504157582199035,0.5877792185833619,0.5847216759231986,0.5756963050910794,0.6071521791826751,0.5085777843089477,0.654207940063841,0.6831549035400332,0.6294719693232348,0.5531902392615233,0.6111420032103911,0.5478663186616639,0.6908595012129485,0.6410252216167717,0.7408770619879474,0.6802019882672802,0.637651766034424,0.5846849855414058,0.6103310827783974,0.5566461857263418,0.5989587968698684,0.5769148784864155,0.624998816010623,0.5425291697898681,0.5866649611411995,0.5462463612695023
0.7031105489805792,0.6802792200838703,0.678233957202344,0.6821219554448548,0.6949198880368417,0.803297509767784,0.6828978447916725,0.8215984759404414,1.0,0.8974064476477089,0.6106978984751907,0.6396153520380277,0.6144787395449144,0.6070177964618773,0.7869791965611307,0.6403455274271856,0.6926148620991892,0.6494013311807416,0.5933004248903639,0.6523350153431091,0.6393678519617119,0.6342826778374436,0.6002555112847775,0.7118714252215518,0.6194744830710249,0.7556000761841305,0.7028220176265333,0.639255868616937,0.582456082188587,0.6504863681240223,0.6257807868172454,0.6883921552785459,0.6120746462079231,0.629104396454453,0.6155048298255359,0.6094858137537965,0.5582468813695123,0.6774700582626021,0.5948350494449999,0.5832098688432866,0.6942274493182317,0.7108453619009744,0.6124828105342333,0.6438257701316262,0.7328668834337163,0.5558796097749445,0.5732388443781905,0.6287750160309796,0.6840181968465251,0.6319562241599325,0.6854338375567215,0.7285787182100196,0.5968461218507305,0.6216217977196122,0.6597754460998854,0.6771339711788558,0.6920783600736651,0.6916635445995969,0.585448405468525,0.5937886076337172,0.6416547346907483,0.5896966357861373,0.5775231520022177,0.568792326306367,0.6323853274225837,0.6634909979015551,0.6827927449600286,0.5814606149342922,0.6017843357561783,0.6538189020676636,0.6300496682191945,0.683176244451577,0.7452317479605532,0.6418369541427297,0.7162833944053338,0.6136856303333469,0.6248216805358131,0.5955132058772534,0.6164382226502158,0.5822509785180299,0.5770811901161715,0.6212523385576662,0.5766820597592488,0.5029297283422293
0.6549062660471062,0.6541010224199427,0.6090287629912645,0.6717978410126726,0.6940488943293933,0.8104059603165124,0.693481672040984,0.7251756704689962,0.8974064476477089,1.0,0.6208817107548026,0.669895256516919,0.6574599057627366,0.5535283702116185,0.8087820599274538,0.6211136063367689,0.7185890055521768,0.6797257417985079,0.5993039666879239,0.6037897985306794,0.6271231895776112,0.6061845229769628,0.573835554322116,0.7120754625594595,0.6333366235851442,0.7176232618922049,0.6740280718804825,0.6339754584697014,0.6062487122372378,0.6192210143876516,0.6689730089997342,0.6814469174193616,0.7004670688022131,0.6512077663364364,0.5234314115815913,0.6041240723396848,0.5169496374351858,0.6286261332150636,0.6116174772197873,0.6030279359955394,0.6270450019482756,0.6790385986636904,0.6135106550833531,0.5989623865372206,0.7873201069053218,0.5107299338448642,0.5916931344566174,0.5824232120950666,0.678209906346976,0.5829399603456399,0.6831602119174706,0.748943898909318,0.544579984761602,0.6140262885836576,0.6366799983404113,0.6657352273520271,0.710454254326961,0.6782020107283676,0.6207804453801132,0.6094145317669312,0.6520696363876114,0.5852914013414187,0.5601716332733472,0.548934698084634,0.6356481379320585,0.6463071292562806,0.6610279841442614,0.5491420146626623,0.6154704639832698,0.617119922303665,0.6356594873392314,0.6854202178269303,0.7003683834020495,0.6441588006944582,0.7024783602319867,0.6052441996491932,0.5929358459150741,0.6084882646004119,0.5978824290129038,0.5126913895333706,0.5347851191767133,0.6252411459636601,0.48298256050558663,0.5161856786290052
0.6410305317106681,0.6279370106284412,0.64701012181972,0.6043390602009339,0.6903451804939021,0.5689757999060072,0.5874247631222465,0.6433869015939178,0.6106978984751907,0.6208817107548026,1.0,0.7028940515663733,0.6465391613381358,0.6037211206259265,0.6352508574138669,0.6540392707597525,0.4899081319278564,0.6708533209016008,0.7114838227481775,0.7126504341354917,0.6686688453529817,0.606093104801874,0.7396998832815943,0.7150732845791027,0.7138577379310749,0.7174753406345041,0.6742177092975636,0.594424133523052,0.5389783301586034,0.6131905727978914,0.659208743002738,0.6503561086095184,0.6032437577672415,0.5356901324723533,0.5149650620614041,0.6059063805335674,0.5572153021154268,0.5967706180366767,0.6205092502817715,0.6402429476281506,0.5107406411878853,0.5913409521991227,0.6107410358639254,0.6196982740171284,0.5262492503849466,0.6638547355888825,0.6055685747430858,0.5630455577422652,0.6832100986828173,0.6578085365949455,0.5898068430275725,0.659320205354077,0.5601493317825114,0.5600132021748023,0.5659808143242462,0.5332612701372289,0.6838909345674479,0.6329359867504716,0.6341760088125187,0.6423420906726156,0.6106448918552794,0.548125623163057,0.6171881930448736,0.4764024125541202,0.6579693907803688,0.6660612012959728,0.6576276051316002,0.49738846589621777,0.6134869529434693,0.5788657446954765,0.5727195023382049,0.5694867097261149,0.589419391164125,0.6023710681805501,0.5774362577658532,0.5846195240451434,0.5336977283386906,0.554635096078675,0.620053277379865,0.5862918011904938,0.6355868405519665,0.5469089073383603,0.528622550416668,0.5925236779195541
0.6051687444038886,0.590940685738482,0.6382994359490529,0.5989554588449246,0.6019487221790399,0.7159805288189868,0.6737477302614239,0.6260630904767848,0.6396153520380277,0.669895256516919,0.7028940515663733,1.0,0.590413544098088,0.6152786705754018,0.6804377202050454,0.5840700161404567,0.4849752826752063,0.6552216946752908,0.6933070641228054,0.6421400547597022,0.7169304488729147,0.6355383174634399,0.7485592652921228,0.7665343056966157,0.7120738317379661,0.8098544054912177,0.739233251386748,0.6281277371246965,0.6950907098568475,0.7222957585686909,0.6030325706663759,0.6484192160408981,0.5571864944380567,0.595376195954218,0.571864992682228,0.619569148572928,0.5300359302848627,0.6554523821101185,0.6494032624197398,0.7219423266299059,0.5544365802696322,0.5828987033447774,0.6048499241139698,0.6228318126475259,0.5863808309078177,0.5839208624219212,0.5535471012522464,0.5625614522276254,0.6787523436375957,0.642101732242326,0.5644357921242669,0.6668658114846598,0.619508348738728,0.652140753409532,0.5529689804269974,0.5661534954321207,0.6190879658005319,0.6767582009103318,0.6805966614648015,0.6416665558903794,0.6879230385328193,0.5787961894242528,0.5766729183104118,0.48293508909663363,0.6153750077238458,0.6092775559128766,0.6649381923001809,0.5015750891433443,0.611217164578578,0.61073377658019,0.5961183415129975,0.5700449423992977,0.6026284046360706,0.5897905617703397,0.6059774679693559,0.6470790110672504,0.5645192140095915,0.5835023004049794,0.6356969801757096,0.5933028803466487,0.649396223541138,0.6496097716444378,0.4511219498833172,0.5775253787221757
0.5197856491012103,0.5911359572909407,0.5913822682184836,0.5213030969929215,0.5638245822843081,0.6204839980808993,0.5881762864702721,0.6443647681220526,0.6144787395449144,0.6574599057627366,0.6465391613381358,0.590413544098088,1.0,0.5816043600540532,0.5153148787801362,0.6022232083196616,0.506769717270768,0.570384820599511,0.5298329341571476,0.5532534289844635,0.6073247518085704,0.6199963375636842,0.6063529894373515,0.5412697419265843,0.6469828786854475,0.6085633461068642,0.6214759587382332,0.5756495498017274,0.5627515049023504,0.5446959561641643,0.9304197251899176,0.5289915570531439,0.6872164796822808,0.5521733471520069,0.4686107453816093,0.5824202954117372,0.5992735101116896,0.563409349152341,0.5818446796993704,0.5722864046891801,0.5713793582160185,0.58042493270323,0.6648484734741911,0.5888817371639207,0.6421186033110909,0.529745078367795,0.6438218516774826,0.5252727201278256,0.7024524687757612,0.5323566604597242,0.6188577983351232,0.6258665687433276,0.5178902660902811,0.6599934081407856,0.5838379188465094,0.5838829901202208,0.5637564573237968,0.549064331093404,0.6152927782070312,0.5223960049907853,0.646874350148986,0.46248239226364596,0.5733867926167276,0.4381497074446189,0.6589049704811148,0.6939158363575971,0.5448998894496252,0.5404210101939707,0.5556115134609132,0.4987559037763072,0.6281997370170415,0.5722630108203927,0.5709178551921161,0.6107473278108954,0.5980973877316466,0.4938584152331533,0.6643500633406597,0.6029223923001992,0.5271666731354061,0.547695585539256,0.4668572961923737,0.5035503662801193,0.4838115257544542,0.5407711815887181
0.6143782530244554,0.6125647780847244,0.5945701888442299,0.6398021712552444,0.5820022107257163,0.5545898673067557,0.5391593324427247,0.5681286407217353,0.6070177964618773,0.5535283702116185,0.6037211206259265,0.6152786705754018,0.5816043600540532,1.0,0.5700465537832471,0.5834982350828927,0.45963676712702317,0.6164006995297454,0.6026750766409663,0.5988476004418788,0.6735491278687649,0.5854193130234996,0.6725789922477214,0.7130989357984698,0.7266104561546404,0.696284836802204,0.5998548537610743,0.6370524191850288,0.5889785219122017,0.6796710101873799,0.607431480436244,0.6902726698010859,0.46219644708477803,0.5451297845890266,0.6357812817381752,0.6192879540483323,0.6245199184963921,0.5642744168117376,0.6929097422932616,0.6868657351495927,0.5364222182086066,0.5678802610520773,0.575644353648187,0.58726004705218,0.5910950873315284,0.5694626410887624,0.6151730995562048,0.5437690081232922,0.5682732843010562,0.668440033558771,0.6203894265894853,0.5892511131920989,0.6548804375881784,0.7202015737901873,0.5261434888764481,0.4869893315081477,0.531140356577249,0.6522749270820938,0.6030358318157069,0.5777940456847859,0.56792775296576,0.46648958675161467,0.5489962619561038,0.45056707947001284,0.608183813233076,0.6689614799316996,0.6749773612862348,0.4914603610936198,0.5679691676438017,0.49114945170360214,0.6476142786601197,0.5375232926751905,0.5056941071337521,0.5719775884892704,0.6487686443415887,0.5943557645081146,0.5527900235846286,0.6052251267549962,0.6299075920516523,0.6053250955188512,0.4811183471853824,0.5131630640330215,0.537499662233215,0.489020404053952
0.6428067555078191,0.6731265628996884,0.6096986925191293,0.7440967471823642,0.6914704414684936,0.7470594725628246,0.6726730209442492,0.6648613656020997,0.7869791965611307,0.8087820599274538,0.6352508574138669,0.6804377202050454,0.5153148787801362,0.5700465537832471,1.0,0.5915799370371765,0.6918773145433451,0.6503702976931015,0.6545336365997474,0.6794455347711545,0.679517130835109,0.6331655183218091,0.6039934697809207,0.7568087734654798,0.6549344108232543,0.7296519088913734,0.6597748002605351,0.600315015330924,0.537752984754555,0.6042467669592018,0.5924142338206638,0.6712958995296405,0.6340579232766079,0.6576099227185314,0.5415648792685879,0.594457723403234,0.504044346204543,0.6363451009965908,0.6910557685809456,0.5069451189658023,0.5786281433257469,0.6886638012434917,0.5853624041965115,0.6353446398611858,0.7291886135655554,0.5162833571954829,0.5364031810633357,0.5475055271751099,0.5737499610840577,0.5989285690912796,0.6280211634653927,0.6838592206394604,0.5914619695038027,0.5683468009163511,0.5518271959364304,0.5959650742152715,0.6452026048899547,0.6814828502452415,0.6153885853085751,0.6065169127784958,0.6325824919363973,0.687605089033179,0.5955158240067749,0.5165346300043823,0.6008691620752337,0.5886703505951032,0.6922797466347781,0.5580203156168176,0.5729700566536696,0.6172287800376193,0.5851683773525271,0.6362767669427,0.637791623387062,0.6053360610119993,0.6287145295507808,0.6242917777522103,0.5389557955297853,0.5482440032311252,0.6739293901539617,0.5524684377521625,0.5929938359948236,0.6366806989515909,0.5132252606064359,0.48381874566400485
0.684318924365855,0.7611714856043476,0.6397729883778432,0.6386693305254235,0.5913073231360357,0.5699797535473122,0.6176524549397024,0.6039618834835124,0.6403455274271856,0.6211136063367689,0.6540392707597525,0.5840700161404567,0.6022232083196616,0.5834982350828927,0.5915799370371765,1.0,0.4874412053692768,0.6546601283509933,0.6107241867075548,0.7964284624660513,0.6815598034295307,0.6732395554017401,0.6183843680766415,0.5909211299887613,0.5654632047372837,0.700706815026015,0.6492225864778901,0.6709584359008745,0.6213188741457554,0.6294961881400277,0.6024696655893542,0.6835782915004488,0.5478229935535546,0.596946068657614,0.6130743982147486,0.6622632467545682,0.6092653539234991,0.6308303810646235,0.6534375128574944,0.6393688981962448,0.5523722666096424,0.7113811813349183,0.6452552638467673,0.5667351134263547,0.565345064031614,0.5653205500318967,0.5968894798384691,0.5437702091919944,0.6452882856706745,0.6532593693647678,0.6250215297441732,0.5519149200483935,0.5543698873346146,0.6158660188137014,0.5418992300407882,0.5983782076253094,0.6477228827802062,0.5017913868287479,0.6149415333281885,0.6913367107751086,0.5575911691944488,0.5445795402884571,0.6091708974021041,0.5002460601310809,0.6039494327408068,0.5870315435654829,0.6353493823514571,0.5974470292324742,0.6476378742683588,0.5457708476945613,0.6085643169937218,0.503389681751182,0.5800188203000676,0.6092041489489263,0.6721514659070416,0.6337684261859668,0.584778662098224,0.5171461323392947,0.5754136643236484,0.6346922068159883,0.5784329430661568,0.5780944231863547,0.5529429617215902,0.49534519323210024
0.5384655511918135,0.5542121236539326,0.5846386045999555,0.5507591839944058,0.6992708160217133,0.6931823757397128,0.578875987121504,0.5244959969272941,0.6926148620991892,0.7185890055521768,0.4899081319278564,0.4849752826752063,0.506769717270768,0.45963676712702317,0.6918773145433451,0.4874412053692768,1.0,0.47571674418949594,0.4918030701741066,0.4445571956772225,0.5494038341703124,0.5095417310021415,0.44708844066469244,0.5128749825069179,0.4988948266862919,0.5507441562611889,0.5925400644990568,0.6083415775293324,0.4585698861129849,0.516466021054117,0.5373374111536254,0.6445955867186248,0.6274457398054029,0.6040631895578238,0.4772847643654867,0.5684601103610667,0.5474508241506111,0.5645163734772931,0.6153774634475017,0.41064547649194627,0.5249890764788018,0.731711004485037,0.5766539981512099,0.4183085123082846,0.725539669360169,0.44193925922099697,0.5165522221977652,0.568708178169398,0.47151978746874823,0.5125686727487585,0.6595683170638991,0.6302037335891695,0.48796131075259197,0.6067482802167493,0.6087989667182174,0.5989297638604797,0.6923686147435739,0.620210093790619,0.4570453272915064,0.5138131625481086,0.5687855040264816,0.5720664035268129,0.43656120842041446,0.4768003687418958,0.5104988117636401,0.5337379439341504,0.636462769623315,0.5239340675387145,0.4840084836899754,0.5727040346832957,0.5707662117531926,0.5833618892670773,0.5514836914698389,0.5863709693481934,0.5680076768841423,0.49721093785590587,0.517004219715802,0.5277156288037789,0.48407171837787977,0.4457805715374209,0.4511516033914895,0.5274790951520204,0.41121942759232055,0.381006749668652
0.6512810927900324,0.6930151794764687,0.6859473196138914,0.6727935008009449,0.5775674218837,0.6253344208547866,0.5636508618750309,0.6569177719458816,0.6494013311807416,0.6797257417985079,0.6708533209016008,0.6552216946752908,0.570384820599511,0.6164006995297454,0.6503702976931015,0.6546601283509933,0.47571674418949594,1.0,0.7442375869785222,0.686202238762405,0.6483560378253379,0.6169305049764505,0.6373415066759643,0.6987758744996903,0.6605294108931878,0.7225463912072319,0.6366294750430171,0.6107672659309631,0.6147481168449839,0.6500722630343932,0.6025131201872308,0.6120481922670754,0.5941393282326769,0.5633720066929728,0.5407258078696966,0.7129298350481273,0.5894315229085961,0.6567147910815251,0.6423444378072145,0.6355324383833294,0.5342789312369337,0.6020070236120476,0.615078248724284,0.6244039902297208,0.5945217006663283,0.5404307779069901,0.5473076940138698,0.5480853551361392,0.5898945796950286,0.68327986142259,0.6201820692344933,0.6208583286207116,0.6026912380274271,0.6069060349847205,0.5119475490949928,0.5615734594161579,0.6611730163760718,0.6392030113007128,0.6689744512989781,0.6317199432908712,0.5611822959356836,0.5551018000585772,0.6696879042716033,0.5651813857512967,0.6508006536253725,0.6471961508180528,0.6892180080072717,0.5889142638538608,0.5364725406774359,0.5703565708271912,0.6139962620536311,0.5815176098414048,0.5847214645794203,0.5814761352455451,0.6474133738626595,0.6222982035079313,0.6123271081559888,0.6476224938984205,0.6839033316079856,0.5871838347046342,0.6148166362865535,0.5732483060780861,0.5326735732071665,0.561880701730011
0.6007940653472967,0.7069505104141462,0.6663357913037755,0.6514510811623451,0.5797154295132033,0.6037459204253282,0.5922135033404764,0.7044967756233942,0.5933004248903639,0.5993039666879239,0.7114838227481775,0.6933070641228054,0.5298329341571476,0.6026750766409663,0.6545336365997474,0.6107241867075548,0.4918030701741066,0.7442375869785222,1.0,0.6748068776801218,0.6578138136910762,0.667332747317929,0.6429566604726936,0.7581545676838821,0.6819475529768801,0.7333121155609823,0.6990414352921497,0.6106580281665451,0.6150298252084239,0.68681445577426,0.5837117862575194,0.6516505506316123,0.5969679834380516,0.6182514646603131,0.5619666132239287,0.6691832161747148,0.5882674096989815,0.6097744534867694,0.688344257793054,0.689474760319415,0.5975967506022648,0.6197574183175257,0.543371939236227,0.6526866178987398,0.602032508452569,0.6076499270285574,0.5777704990412343,0.6044063712688927,0.6384326626583611,0.6165349117770307,0.6175689938526164,0.6275913337617288,0.6154410783983667,0.5920173743250164,0.5578256416198302,0.561779444176551,0.6051340607096873,0.6103084554460119,0.6280827221315212,0.668222252468517,0.6471646425922137,0.6585021339371164,0.6415247748332502,0.5154897569350829,0.6916727475896579,0.6496594689256567,0.6774319301021365,0.5634701609675671,0.580256162171198,0.5615526943663125,0.6374452479176795,0.6229171033220402,0.6725513641459553,0.6342477818708544,0.5969779266772736,0.5719358763101514,0.5707475022235682,0.593517935968951,0.6398822103180685,0.5615001448062331,0.6953691169210572,0.6049948800313834,0.4644515920300395,0.560585110118413
0.7852904554691139,0.7040666364810734,0.639138825864112,0.663947201847226,0.5912761399901177,0.5453217020338591,0.6021442559296696,0.6096745727953382,0.6523350153431091,0.6037897985306794,0.7126504341354917,0.6421400547597022,0.5532534289844635,0.5988476004418788,0.6794455347711545,0.7964284624660513,0.4445571956772225,0.686202238762405,0.6748068776801218,1.0,0.6618282794203217,0.6548649795476945,0.5960840593226092,0.6760497925922704,0.6202641493732252,0.7142136714764912,0.6738425010218559,0.5725387670313618,0.5747831140743326,0.6426426412059308,0.5786501234284365,0.7190851829747223,0.5635889075690786,0.6115877813175441,0.5706198911014174,0.6227738331144186,0.5498373021579842,0.645943717694088,0.6803202556945113,0.6273477299810363,0.5968019219000994,0.6851554256974156,0.6213530219104124,0.6268650191182165,0.5846672182065288,0.596383780248602,0.5486534147514185,0.5167143286205377,0.641772678997952,0.672276867316651,0.5624582470986316,0.6150624858171011,0.6326933761388625,0.5225410109286839,0.5641409332159014,0.5979106448723848,0.6108463098524516,0.582718826208023,0.6642933918177711,0.6340882973942391,0.616320051863255,0.6061854851309421,0.6236440267634727,0.5527516479595571,0.6977384275054005,0.6629522648322923,0.705191388457765,0.6473129185341444,0.614506531500704,0.6330562495300923,0.5833816125467003,0.5796836027185922,0.5923555640391556,0.6055514537688138,0.623960961751241,0.6336221449949855,0.5936278340568606,0.542667073532133,0.6191977520652827,0.6294988327048031,0.6450691410454266,0.6414230120555611,0.6314116250545284,0.513012291969229
0.5962531473534254,0.7329359213463092,0.6716625461116831,0.676213032056937,0.6314708327743919,0.6840945105072661,0.5850695640087145,0.6249412358484546,0.6393678519617119,0.6271231895776112,0.6686688453529817,0.7169304488729147,0.6073247518085704,0.6735491278687649,0.679517130835109,0.6815598034295307,0.5494038341703124,0.6483560378253379,0.6578138136910762,0.6618282794203217,1.0,0.6641235310682412,0.884964614774591,0.7246725683946598,0.6590612244142061,0.7158375418291095,0.7344648901947026,0.6484723165618504,0.6118923922684946,0.7543930884248666,0.6950855065890326,0.6037545512193995,0.546293879761684,0.632200187947931,0.604097162664975,0.6216978294839167,0.6517660396766585,0.6408148155380623,0.6718688951268302,0.6559934835957396,0.6276008720312408,0.6674189322089852,0.68704222071421,0.6515409654713632,0.5832783248388924,0.6419109304605233,0.5894266677702071,0.6036593419680815,0.6130008965537053,0.6138487454468543,0.6334921453274043,0.6524347721030046,0.630694395746826,0.6879273187363009,0.582877868572264,0.5805026051333478,0.6194236769464493,0.6497391240022572,0.65358242661366,0.7054199472444093,0.6429982719635732,0.638821528846328,0.5918768595887877,0.5434109023756193,0.5965934130572552,0.6625418886562287,0.6955722071001605,0.6191334823756007,0.6871940976847883,0.4889291783454972,0.6566980205369085,0.5785807969686567,0.5535036549197788,0.5593037348586376,0.6507657928530257,0.6378625546960405,0.5866268671303713,0.6342613182522754,0.6368077165247441,0.5935241045039561,0.6209827115457249,0.6423571643892293,0.5296827407904519,0.5380408442855056
0.6112258030035227,0.6840451362862283,0.7067408146953386,0.7426611344357243,0.5955649495172111,0.608807263222245,0.5860748404652574,0.7155064945372083,0.6342826778374436,0.6061845229769628,0.606093104801874,0.6355383174634399,0.6199963375636842,0.5854193130234996,0.6331655183218091,0.6732395554017401,0.5095417310021415,0.6169305049764505,0.667332747317929,0.6548649795476945,0.6641235310682412,1.0,0.6163673172465322,0.63382924508259,0.5671312166645285,0.6778898815087825,0.7068036221140261,0.7253610979295048,0.5674694125141135,0.6449364621266754,0.6316272162333477,0.6447987695217544,0.6006496110034333,0.6176455408841699,0.6257611757268151,0.5650411902643727,0.6257476987725024,0.7307809834857604,0.6441460068662718,0.5564395566074014,0.5476428646310361,0.741539032847865,0.6612849384100851,0.6327240709093578,0.5367196003847371,0.5503063944275629,0.6214586562463661,0.5727715802300329,0.6153446308149273,0.5980692045171643,0.6653805691013315,0.6881493219969814,0.6379188976687236,0.6136159841345125,0.647707171054009,0.6593021002447539,0.5883741923326683,0.6231388867434956,0.568590848775985,0.6296623475204074,0.5862217491539733,0.5977827024118243,0.6497670277511127,0.49864493431970247,0.5804407752252779,0.5924188796794648,0.623215397056017,0.6492538512596188,0.5679274619502634,0.5954099427813574,0.6524750380515099,0.6700753234678012,0.5960079573863607,0.7111349402386052,0.6433779420170987,0.5609557514499175,0.6372835883539616,0.5104302963145749,0.6100352993908078,0.6749353444896994,0.6173231448914268,0.581072481391888,0.5866366335020835,0.5872270584754312
0.5710107815462064,0.6438332876860663,0.6203387397430318,0.5756725065873185,0.5810962101587523,0.6584382145705274,0.6084711588364903,0.5980518947356036,0.6002555112847775,0.573835554322116,0.7396998832815943,0.7485592652921228,0.6063529894373515,0.6725789922477214,0.6039934697809207,0.6183843680766415,0.44708844066469244,0.6373415066759643,0.6429566604726936,0.5960840593226092,0.884964614774591,0.6163673172465322,1.0,0.704368573095703,0.6712958275721822,0.7092113538711099,0.6861136450658348,0.5879695505450464,0.6060171495823847,0.7258650533141564,0.6388552884246553,0.5467725432256327,0.49699643643734004,0.511864807763999,0.532478196563561,0.5898638791851206,0.583755491461818,0.6394143196604318,0.5758465715125773,0.704072242283029,0.5286659119751829,0.5456258695019409,0.5977709863285104,0.6203294749628373,0.5288458039416678,0.6304811563707414,0.5530196866748495,0.5788797796405885,0.632090998585297,0.6288496685499493,0.5723826603250256,0.6301163154833748,0.6261307628087674,0.6505799049428812,0.5344675004805719,0.5002615776228182,0.640269976517232,0.6531587908061212,0.6436641592111015,0.64044984823026,0.6131954162305873,0.53841821719919,0.5840109632627934,0.4891807005269331,0.6070694552847204,0.6817559035728037,0.6653645264951245,0.5331404359687126,0.6689483868921782,0.48732110074519763,0.5719302295103846,0.5483520860996995,0.5217972628221187,0.5088093211999697,0.6115133573234949,0.61352673920902,0.5374958199364828,0.6237112371553338,0.6319728240600223,0.6221726511350151,0.6105003457644593,0.6161555253042164,0.5175264396877146,0.559962626098444
0.6033724840445593,0.711757788739578,0.6629707320164179,0.7235268454743783,0.6502504626874985,0.7086854329495154,0.6268074969072033,0.6858954683506394,0.7118714252215518,0.7120754625594595,0.7150732845791027,0.7665343056966157,0.5412697419265843,0.7130989357984698,0.7568087734654798,0.5909211299887613,0.5128749825069179,0.6987758744996903,0.7581545676838821,0.6760497925922704,0.7246725683946598,0.63382924508259,0.704368573095703,1.0,0.8287268049655041,0.8178652214991191,0.7243130631204175,0.6598994064640712,0.6649819023429896,0.6861252094214512,0.603164148172051,0.6658404480607245,0.5724879077290848,0.642195854733666,0.6352042036475112,0.6244876866353637,0.5343396988270868,0.6592922742705253,0.665961442844577,0.6479607565305722,0.5935305792213509,0.6289342044160887,0.6029863868554347,0.6278722069457269,0.6530071447973963,0.6103204090802115,0.5960056005570742,0.6131555750059662,0.6483124447398033,0.6795111491834211,0.6374668476361453,0.6858907719004843,0.664334892951621,0.6386514310145662,0.5629769821430946,0.5857236358796898,0.5982620724415532,0.6841844294911459,0.6493151138027834,0.6516987681848914,0.6629315229835874,0.6194143236515554,0.6368359553838244,0.5147969093498993,0.6156025136203974,0.6153217727428092,0.7002387381064749,0.522687006694337,0.6644254141363222,0.5912114374169155,0.6258882096435574,0.6451422103733706,0.6391314187159757,0.626442928055044,0.6617532268006443,0.6735069287709383,0.5567477732722096,0.6134004978249885,0.7376377709991309,0.5701638935334601,0.6206491923282564,0.6519349682722421,0.4892944194690412,0.5835798589655742
